34080001
00084822
01090018
00005012
00005010
01090019
00005012
00005010
340800c8
00000018
00000000
00000000
00000000
0000b012
01000013
3c080f00
3c097000
01090018
00005812
00005810
01090019
00005012
00005010
3c08f000
3c097001
35296666
01090018
00005012
00005010
01090019
00005012
00005010
3c08f000
3c098000
35296666
01090018
00005012
00005010
01090019
00005012
00005010
00080018
00004812
00005010
3c080f00
3c097000
0109001a
00001012
00005010
0109001b
00005012
00005010
3c08f000
35083571
3c097001
35296666
0109001a
00005012
00005010
0109001b
00005012
00005010
3c08f000
35087962
3c098000
35296666
0109001a
00005012
00005010
0109001b
00005012
00005010
0008001a
00004812
00005010
3c08f000
35087962
3c098000
35296666
01000011
00005010
01200013
00005012
01200011
01000013
00005012
00005010
01090018
01290018
00005010
00005012
